V_pop,2.37302,-1.90418,56.4244,59.1708,nan,nan,-0.00558147,0,0,0,0,0,0,0,0,0,0,nan,nan,0,0,0
k_pop,-1.90418,1.63944,-37.8664,-40.3974,nan,nan,0.00663034,0,0,0,0,0,0,0,0,0,0,nan,nan,0,0,0
k12_pop,56.4244,-37.8664,3203.71,3214.75,nan,nan,0.184322,0,0,0,0,0,0,0,0,0,0,nan,nan,0,0,0
k21_pop,59.1708,-40.3974,3214.75,3231.22,nan,nan,0.177469,0,0,0,0,0,0,0,0,0,0,nan,nan,0,0,0
k13_pop,nan,nan,nan,nan,nan,nan,nan,nan,nan,nan,nan,nan,nan,nan,nan,nan,nan,nan,nan,nan,nan,nan
k31_pop,nan,nan,nan,nan,nan,nan,nan,nan,nan,nan,nan,nan,nan,nan,nan,nan,nan,nan,nan,nan,nan,nan
Cc_baseline_pop,-0.00558147,0.00663034,0.184322,0.177469,nan,nan,0.0474895,0,0,0,0,0,0,0,0,0,0,nan,nan,0,0,0
omega_V,0,0,0,0,nan,nan,0,80.8153,14.579,8723.25,68448.1,27.5504,-6330.61,-51832.9,20969,-6756.36,59112.9,nan,nan,0.00321022,0.36388,-0.0331384
corr_k_V,0,0,0,0,nan,nan,0,14.579,7.73218,4303.14,33739.4,0.738254,-3161.72,-25653.4,10710.8,-3117.54,29508.5,nan,nan,0.0014908,0.0879791,-0.00765677
corr_k12_V,0,0,0,0,nan,nan,0,8723.25,4303.14,3.71762e+06,2.96243e+07,512.141,-2.80206e+06,-2.27085e+07,9.71933e+06,-2.62322e+06,2.6306e+07,nan,nan,0.468238,-22.3373,0.356557
corr_k21_V,0,0,0,0,nan,nan,0,68448.1,33739.4,2.96243e+07,2.36317e+08,3968.76,-2.23568e+07,-1.8122e+08,7.76774e+07,-2.08768e+07,2.10035e+08,nan,nan,4.11614,-170.778,1.14249
omega_k,0,0,0,0,nan,nan,0,27.5504,0.738254,512.141,3968.76,13.0789,-324.153,-2878.52,851.319,-588.858,3050.28,nan,nan,0.000225408,0.0939437,-0.00893518
corr_k12_k,0,0,0,0,nan,nan,0,-6330.61,-3161.72,-2.80206e+06,-2.23568e+07,-324.153,2.11589e+06,1.71475e+07,-7.35474e+06,1.97221e+06,-1.98769e+07,nan,nan,-0.393568,14.957,-0.0294517
corr_k21_k,0,0,0,0,nan,nan,0,-51832.9,-25653.4,-2.27085e+07,-1.8122e+08,-2878.52,1.71475e+07,1.38994e+08,-5.96168e+07,1.59907e+07,-1.61127e+08,nan,nan,-3.2632,125.636,-0.227015
omega_k12,0,0,0,0,nan,nan,0,20969,10710.8,9.71933e+06,7.76774e+07,851.319,-7.35474e+06,-5.96168e+07,2.56531e+07,-6.81314e+06,6.91793e+07,nan,nan,1.42094,-62.0775,0.438386
corr_k21_k12,0,0,0,0,nan,nan,0,-6756.36,-3117.54,-2.62322e+06,-2.08768e+07,-588.858,1.97221e+06,1.59907e+07,-6.81314e+06,1.86563e+06,-1.85004e+07,nan,nan,-0.376686,10.6522,0.167255
omega_k21,0,0,0,0,nan,nan,0,59112.9,29508.5,2.6306e+07,2.10035e+08,3050.28,-1.98769e+07,-1.61127e+08,6.91793e+07,-1.85004e+07,1.86846e+08,nan,nan,3.82703,-154.18,0.560222
omega_k13,nan,nan,nan,nan,nan,nan,nan,nan,nan,nan,nan,nan,nan,nan,nan,nan,nan,nan,nan,nan,nan,nan
omega_k31,nan,nan,nan,nan,nan,nan,nan,nan,nan,nan,nan,nan,nan,nan,nan,nan,nan,nan,nan,nan,nan,nan
omega_Cc_baseline,0,0,0,0,nan,nan,0,0.00321022,0.0014908,0.468238,4.11614,0.000225408,-0.393568,-3.2632,1.42094,-0.376686,3.82703,nan,nan,0.0295972,-0.000630635,-0.0011024
a,0,0,0,0,nan,nan,0,0.36388,0.0879791,-22.3373,-170.778,0.0939437,14.957,125.636,-62.0775,10.6522,-154.18,nan,nan,-0.000630635,2.56947,-0.111225
b,0,0,0,0,nan,nan,0,-0.0331384,-0.00765677,0.356557,1.14249,-0.00893518,-0.0294517,-0.227015,0.438386,0.167255,0.560222,nan,nan,-0.0011024,-0.111225,0.00867692
